       0   3.248
       1   5.381
       2   6.762
       3   6.585
       4    5.11
       5   3.565
       6    4.23
       7   5.004
       8   4.583
       9   6.015
      10   5.864
      11   6.768
      12   5.819
      13   8.104
      14   7.086
      15   4.317
      16   8.449
      17   5.747
      18   4.434
      19   6.343
      20   4.631
      21   8.856
      22   6.668
      23    7.81
      24   9.225
      25   7.921
      26   9.012
      27   8.101
      28   8.098
      29   8.722
      30   5.518
      31   7.285
      32   9.544
      33   10.15
      34    9.55
      35   10.51
      36   8.841
      37   10.19
      38   7.402
      39   10.53
      40   10.92
      41   9.955
      42   10.03
      43   8.343
      44   11.17
      45   10.95
      46   7.935
      47   11.96
      48   9.372
      49   10.36
      50   9.114
      51   13.29
      52   11.73
      53    9.53
      54   10.21
      55   13.21
      56   11.05
      57   10.54
      58   10.73
      59   14.62
      60   10.07
      61   10.92
      62   10.41
      63    13.8
      64   12.86
      65   11.46
      66   14.73
      67   14.74
      68   14.37
      69   12.19
      70   13.47
      71   16.73
      72    13.1
      73   16.46
      74    17.5
      75   14.91
      76   16.94
      77   18.14
      78   18.64
      79   19.13
      80   17.06
      81   16.93
      82    17.6
      83   15.78
      84   19.96
      85   16.87
      86   20.17
      87   17.86
      88   17.68
      89   17.88
      90   21.39
      91   23.09
      92   21.05
      93   20.48
      94   22.93
      95   20.17
      96   21.16
      97   23.63
      98   23.62
      99   23.23
     100   23.88
     101   25.65
     102   27.99
     103   24.29
     104   27.57
     105   28.38
     106    28.1
     107   28.94
     108   28.85
     109   29.28
     110   28.31
     111   30.09
     112   31.53
     113   31.87
     114   33.32
     115   34.87
     116   33.67
     117    34.1
     118    34.3
     119   34.66
     120   37.77
     121      35
     122   38.07
     123   38.24
     124   39.03
     125   39.33
     126   39.52
     127   43.02
     128   41.81
     129   40.46
     130   42.05
     131   44.48
     132   44.18
     133   46.28
     134   46.24
     135   48.65
     136   45.56
     137   48.34
     138   51.54
     139   52.81
     140   52.59
     141      54
     142   56.13
     143    54.2
     144   57.97
     145    56.8
     146   59.97
     147   56.94
     148   62.57
     149   59.89
     150   60.84
     151   62.07
