       1   4.181
       2   4.665
       3   5.296
       4   5.365
       5   5.448
       6   5.744
       7   5.653
       8   5.844
       9   6.362
      10    6.38
      11   6.311
      12   6.457
      13   6.479
      14    6.59
      15    6.74
      16    6.58
      17   6.852
      18   6.531
      19   6.682
      20   7.013
      21    6.82
      22   6.647
      23   6.951
      24   7.121
      25   7.143
      26   6.914
      27   6.941
      28   7.226
      29   6.898
      30   7.392
      31   6.938
