       0   0.243
   0.063   1.216
   0.126   1.397
   0.189   1.125
   0.251   2.407
   0.314   0.317
   0.377   0.876
    0.44   0.963
   0.503   0.741
   0.565   0.039
   0.628   0.127
   0.691   0.783
   0.754   0.626
   0.817    1.71
    0.88   0.537
   0.942   0.266
   1.005  -1.894
   1.068   -0.89
   1.131  -2.159
   1.194  -1.877
   1.257  -0.568
   1.319  -0.274
  -1.382       0
   1.445   0.085
   1.508   0.721
   1.571   0.311
   1.634   0.368
   1.696  -1.392
   1.759  -0.689
   1.822  -0.533
   1.885    1.01
   1.948   2.475
   2.011   1.134
   2.073   2.306
   2.136   1.342
   2.199   0.981
   2.262  -0.308
   2.325  -1.628
   2.388  -1.268
    2.45   0.033
   2.513  -1.209
  -2.576       0
   2.639  -0.837
   2.702   0.857
   2.765   -1.32
  -2.827       0
    2.89  -1.236
   2.953  -2.511
   3.016  -1.004
   3.079  -0.212