0       1
       1   1.207
       2   1.254
       3   2.335
       4   2.366
       5   2.656
       6   1.878
       7   4.069
       8   2.847
       9   3.652
      10   3.356
      11   2.622
      12   4.027
      13   8.748
      14   2.935
      15    9.17
      16    4.56
      17   4.066
      18   5.162
      19    9.14
      20   11.22
      21   13.36
      22   9.336
      23   14.89
      24    17.2
      25   17.75
      26   10.06
      27   17.96
      28   19.33
      29    11.4
      30   9.666
      31   20.07
      32   18.18
      33   17.87
      34   27.25
      35   22.26
      36   14.45
      37   30.83
      38   16.05
      39    20.7
      40   23.76
      41   30.08
      42   19.98
      43    25.2
      44   37.37
      45   23.32
      46   30.97
      47   45.38
      48   32.62
      49   42.27
      50   46.98
